1988628992488874363
1988629421255786684
1988628721654264074
1988629359993794919
1988628709276856803
1988628449817194987
1988628244925391265
1988523917536067904
1988629874018246748
1988630146086048056
1988630141786870204
1988630101232136192
1988630028871950514
1988629789121323010
1988631314308665678
1988631209380028856
1988631196645929236
1988630601725878518
1988630567747826043
1988635570852032883
1988635550836748360
1988635396826153445
1988635396427874329
1988635182643982733
1988634420664750428
1988634413794558356
1988639134932459774
1988638260910870562
1988639069899718816
1988638956729372983
1988638393480155196
1988638356889039310
1988638379219546334
1988636880804467146
1988637903447302294
1988639261172867150
1988642769737498809
1988642206786179428
1988641928804446475
1988641760118268323
1988641436598677793
1988640395472052350
1988639959075508472
1988643266997481538
1988643198215073963
1988430303162175739
1988643079902122163
1988595753611354239
1988535299748896783
1988535285328863571
1988643790312349877
1988643967894991012
1988643970306761152
1988638757692571848
1988643724969316529
1988644857569571050
1988644799021531490
1988644975719178734
1988614466389389738
1988646338175918157
1988646265799037409
1988646011900944763
1988645961678327890
1988645528184504755
1988645140836344064
1988645465160663568
1988645267827200015
1988647283693326803
1988647141615816931
1988647139799716008
1988646785091322130
1988646972736352480
1988646943523000760
1988647684266242152
1988649268031226357
1988648570166341793
1988648230662598989
1988600678315634765
1988647634123579606
1988647492670611959
1988647476040208454
1988650037136826500
1988649972829716669
1988649945709396069
1988649680427982986
1988649476253175818
1988649478199398534
1988543555842031987
1988650554105733266
1988650433586602345
1988650236546609412
1988650958889578758
1988650855441260902
1988650832066437343
1988650805864591821
1988651607387484597
1988786733782298731
1988786433583165453
1988786311285887201
1988785897429688717
1988785367223300483
1988784126691103057
1988676428305780907
1988788183333761127
1988788028605886807
1988787876423708763
1988787656776667630
1988789147289493953
1988788912274436327
1988788404709188026
1988789603751575697
1988789487288439271
1988789456598618546
1988789894169415906
1988789871322996883
1988790405081756011
1988790318683333006
1988790155218677896
1988790589736026528
1988790971325358527
1988801393562431864
1988801193955717437
1988801085507805294
1988800645818970618
1988800013489828208
1988751670659149963
1988382332508925995
1988798219380281556
1988802070049345552
1988801901899731245
1988801781330243600
1988801769263206405
1988801699839111388
1988695044984041481
1988802799426236922
1988802582081671540
1988802231118991577
1988795999008199153
1988803734588256283
1988804248784490859
1988806348239249805
1988807599479996500
1988808285789544902
1988808796190429653
1988809168707346524
1988809126672232564
1988809807437131824
1988810139122692468
1988810218902589694
1988810403602919900
1988810608909905963
1988811004285972892
1988811273082122240
1988811199824454001
1988811535595323625
1988811788444459307
1988891645161484626
1988891602887098685
1988890669285277960
1988890450770514376
1988890385217671519
1988890061501333857
1988889749587652720
1988892187153580453
1988892085630480760
1988891955334726072
1988893804942819501
1988894017350693331
1988894687281688978
1988894874637095406
1988891862703194518
1988895590189563905
1988896039688974710
1988896584210214935
1988897372051796372
1988898354034585856
1988898318475264357
1988898313534370194
1988898227827904837
1988898889848565893
1988900433771856172
1988900489602163044
1988901938734170120
1988902388866879757
1988903281012432905
1988904107067789454
1988904582550798562
1988905929136627817
1988905929119563869
1988906427193110586
1988909728873775193
1988909714688864650
1988909452930494754
1988909051141398582
1988908557404684562
1988907509789122712
1988907290976567713
1988910687012184157
1988910929405165885
1988911256284094672
1988911173220331694
1988911468520083691
1988911309941846527
1988911610769895433
1988912162924851612
1988912110496338012
1988912497185673499
1988913383387648166
1988913520646218216
1988913683171312049
1988914084809499108
1988914437198119021
1988914702483653027
1988915031488991495
1988915898803990643
1988916154425913563
1988853441003659521
1988918161941430661
1988918106538811589
1988918624195694895
1988918670639165445
1988918845600333939
1988919015180214422
1988919464818069999
1988919873297105163
1988921028811055365
1988921372395913468
1988921244767424923
1988921508878544999
1988919094356201687
1988922436213936372
1988922628879286515
1988608163604742499
1988923890698178573
1988924048412389603
1988925053224788107
1988925056316019134
1988926066107244974
1988925975225348202
1988926239856619528
1988926146076180646
1988926671119122470
1988926889638183406
1988927245868466402
1988927143456448604
1988927392719757748
1988927308770713742
1988927761269027047
1988928032221037052
1988928173485277473
1988928426795774359
1988928605376901551
1988928578231365994
1988929081778311352
1988929925194375337
1988930097240498300
1988930347627680107
1988930812243505451
1988931033115554170
1988931394740097052
1988931565460865068
1988931542341808278
1988931724039065777
1988931723544129945
1988932042420305928
1988932376332816837
1988932604779753847
1988932549268369788
1988934115119264207
1988934456854605886
1988935509125787775
1988935783961751786
1988936129622761771
1988936796588462095
1988936861369397530
1988937386840252716
1988937722459734410
1988938145803727162
1988939148799947088
1988940001909096460
1988940414548943129
1988940333494018252
1988940182632931334
1988941021993165239
1988941164708294844
1988941517600489480
1988941401523097743
1988879938074865738
1988942660145754278
1988943678082294096
1988944232535716314
1988944181910466831
1988944431014117697
1988944346851229734
1988944850205495390
1988945115021529322
1988945713209000430
1988947018983580050
1988947533318746490
1988947677338349869
1988947883479978103
1988949587516854702
1988949733495435270
1988950151852069161
1988950182906782058
1988950290045800850
1988950171929981240
1988951197815066992
1988869349323473300
1988951850452979730
1988952142993060077
1988951970137477452
1988952454969586149
1988619035911520627
1988952607188996105
1988952823418249646
1988953707925389608
1988954366548787639
1988954751267139740
1988825627101995035
1988955386570059863
1988955275814973533
1988955196354097545
1988955077961564566
1988956428380590369
1988956261975749014
1988956143134425280
1988956004935966760
1988955629541593142
1988955545773207564
1988956891444060343
1988957525568549194
1988957887675220011
1988957732079301030
1988957724013711485
1988958107977007436
1988958034987823449
1988964888300122328
1988960881565413619
1988964314913632662
1988963294816706936
1988962796868874705
1988961608081838391
1988965634919821724
1988965126607896582
1988965765706596666
1988966120959680839
1988966329202651552
1988966650847297898
1988966842531217622
1988966792744645041
1988967209872552197
1988967389724389884
1988967749096464872
1988968120544030946
1988968172783825068
1988968751140917455
1988968745897951741
1988968795923181767
1988969347868705185
1988969599585387008
1988970148481376414
1988970147948700058
1988970104797700547
1988970857935303154
1988948398188425692
1988970401360167169
1988970262411256066
1988971209619276132
1988971187977019687
1987815478794883084
1988971781206749451
1988971954909638896
1988972325883236498
1988972619430035526
1988972779866083422
1986805860623061438
1988973123551838698
1988973317861097477
1988973265268937110
1988973843072053675
1988973474447257897
1988973387499335925
1988974111368921581
1988974081384018168
1988973986026520914
1988974293636771954
1988974873339961399
1988974814577717509
1988974986581930265
1988974960170398135
1988975192157429887
1988975439818461555
1988975539751907708
1988975733608202510
1988975782639587453
1988975963192107237
1988976364368863567
1988976468735779296
1988976730477133834
1988976824999928225
1988977344451854843
1988977781745881535
1988977888389984438
1988977859965370609
1988977822157684943
1988978021014048873
1988978164312469602
1988978623395529065
1988978963298021458
1988978911015825699
1988980403730886993
1988959439836061897
1988980000293548518
1988980434924102034
1988981654212243738
1988982145482969561
1988982355693015545
1988982494843277401
1988982578993647785
1988982548832350617
1988982548329087345
1988985228300300733
1988985211648946460
1988985145685115207
1988984658433081781
1988984650824577466
1988984265896518124
1988986318823600273
1988985774667350369
1988985706320924946
1988985673236574698
1988985526737944784
1988985520253272542
1988986673753989164
1988986653847830884
1988986383575490979
1988986221918650537
1988986140968583254
1988987088994463947
1988987070443057158
1988986740032655380
1988987443823943901
1988987981076517338
1988988049045553202
1988988193278935523
1988988977307922795
1988988977064402966
1988988970739597661
1988988523043824119
1988988441334591711
1988988294776881390
1988989276097519713
1988989210456387767
1988989168580784249
1988989352584573100
1988989808073744811
1988989781674545580
1988990316687552619
1988990564511912350
1988990536133337584
1988990833337766226
1988992523013091348
1988992358692933773
1988992253474361477
1988992253084225862
1988992115100295321
1988992082392809734
1988986526710296918
1988991736329433536
1988991935756054760
1988991905657672152
1988993063407235269
1988992732161871879
1988993766674325895
1988993873381609885
1988993865789915461
1988993841291227571
1988993835762909379
1988994163409576157
1988994037131411940
1988994019574370584
1988964504168804822
1988993935059087669
1988993907427012802
1988994627597398104
1988994864202035225
1988995067860906259
1988995430714339816
1988995658510930296
1988995602147844498
1988995786508759326
1988995968843542530
1988996572084855032
1988996527197475001
1988996461133025422
1988996359928906197
1988996767267102852
1988996758438113358
1988997163469471913
1988997155630063726
1988997282356703334
1988997362472354175
1988997434710847595
1988996520444559411
1988997785241227493
1988997814068605052
1989008933755973902
1989008772157616341
1989008766696632367
1989008660853584115
1989008497636225149
1989008482540925414
1989008473653408186
1989008164310974788
1989008142999433247
1989008087861113230
1989010350323171544
1989010205196058869
1989009706346512697
1989009462074671251
1989009443460378896
1989010994056585614
1989010657203679470
1989010432187854917
1989011284113654127
1989011123656396983
1989011625949688053
1989011598204444767
1989011478821691416
1989011465160786296
1989010562811146716
1989011685299089425
1989011968318115859
1989012347013251374
1989012523669159982
1989012782306439462
1989013114323628487
1989013250969649305
1989013860423246215
1989013917910331508
1989014135841972281
1989413842217320520
1989412638926016826
1989412516980474027
1989412067871526985
1989389013489471930
1989415918112588238
1989416052435149020
1989415997644968191
1989416192814338379
1989416717978931582
1989416915799085068
1989418168537039073
1989418477669814595
1989418454466908294
1989418379669614603
1989415381229089067
1989418303467733032
1989418225730556191
1989419213572993429
1989419130030870670
1989419041640124904
1989419014104465756
1989418974296330460
1989418930667229557
1989418852682268793
1989418817991446838
1989418800069186036
1989420266905374875
1989420026668224577
1989419977167048830
1989419968946209100
1989419815224987711
1989419786519154808
1989419760489271314
1989419566846574977
1989419448068182151
1989420471448998071
1989421148610986484
1989421276147143084
1989421204122579135
1989419439830569409
1989419390434250794
1989419348583485752
1989419285761212584
1989423426000638160
1989423210467922372
1989423087071240391
1989423713692127511
1989424025857397073
1989424233550942430
1989424273094836540
1989424562162081816
1989424451029783033
1989425365048348698
1989426594805624931
1989427339143664024
1989427613685711285
1989428825403601204
1989429043897537019
1989429163585917086
1989430978281156866
1989431126776308114
1989431162176245777
1989434125112283350
1989434828887035942
1989435908299657357
1989437006842359911
1989437746855768250
1989438479538000166
1989438419618173236
1989438924079653204
1989439693130260617
1989439929282146812
1989439871597875296
1989439814228496895
1989440126770893044
1989440026946802133
1989440340349358513
1989440009511018933
1989440842810146864
1989440962716995831
1989440897906610639
1989441209111359797
1989441461004435572
1989441425222897762
1989442072991174705
1989442174010917244
1989442315853992248
1989442382925029420
1989443736825467241
1989381593987694846
1989445585003544650
1989445935357972513
1989446055587713478
1989420570291884353
1989431660786675866
1989449151063658518
1989453914962608281
1989454035624079746
1989455286705209404
1989456065369665566
1989456466961731815
1989462131599908954
1989463656585990194
1989464507195036042
1989464700833468849
1989482450137886984
1989484315332546750
1989484258725945443
1989483732152242478
1989484497470197902
1989485369088229576
1989485320216219913
1989486619578306781
1989453462770237688
1989487735728402943
1989487656695173609
1989487545286013274
1989487381884379538
1989488628679282701
1989488568499146873
1989488163450917350
1989487957267431602
1989487902473273587
1989487803080827323
1989489520052678865
1989462373522886954
1989515339210920410
1989515073954746871
1989514628750327947
1989514422872936723
1989514062506725568
1989513827692777818
1989513015679750171
1989512872855236907
1989512560694202591
1989512317722362144
1989521653714620810
1989519422785294582
1989519204412948823
1989518931640598865
1989518289492742581
1989517792564109818
1989517585042542628
1989517490725294100
1989517205751595153
1989516730910277777
1989516637423505572
1989530041827676418
1989525111188140338
1989524524509855888
1989524251561353286
1989462694953689121
1989520306604838916
1989544054237929983
1989029745519128974
1989543379449872812
1989541364632293568
1989541193454178456
1989540908321087505
1989540734110720511
1989540449594294413
1989540361119961187
1989540265044893991
1989539952921817538
1989539807475753216
1989538700816977933
1989538457946132842
1989042579154112535
1989556885092192362
1989556602094141662
1989447941380346145
1989553974140404145
1989395625784545708
1989553811615338875
1989553749161873692
1989553491963199758
1989560408508649944
1989487422241919241
1989559156836012445
1989276382682296697
1989558700483219556
1989004579879686596
1989558478960996621
1989566783489998952
1989566532524151215
1989563592652579126
1989567792534753707
1989569575726481805
1989570065906503698
1989570001687265333
1989569885521809750
1989569793968804185
1989569700863541680
1989569640272728363
1989571211349954615
1989571125639291267
1989571321383326158
1989571569891643531
1989571484092883102
1989571729686212836
1989571999233183903
1989572201411219497
1989572345129046182
1989573578459943005
1989574260751237433
1989574262735118747
1989575441800368498
1989575341497586031
1989576850352607532
1989581379806589028
1989585286641119349
1989585126787817840
1989584962102989123
1989584844398236105
1989584791185101090
1989584717189128321
1989584658628001868
1989583747889660091
1989584609319801266
1989584542458687894
1989585485899890979
1989585834195259648
1989587524172616088
1989589359121605115
1989590439540969597
1989591697794142359
1989595109160067219
1989601429892341814
1988672625493831904
1989604467910623564
1989604469579862427
1989604614183030916
1989604875945349145
1989604829388259513
1989604746861449568
1989605074780504378
1989605022091325587
1989605139058221393
1989605241445388651
1989605315000578253
1989605588607873235
1989384536908861610
1989605861321232667
1989606538651291729
1989460281437950150
1989606864955523215
1989607078089089246
1989609149618163808
1989609152373719338
1989610271803875724
1989550710703501811
1989613927190466704
1989614344867602653
1989616647884410929
1989616602376249502
1989617989805912130
1989618153413120131
1989619558936674751
1989619398219583739
1989619097093771551
1989258117474086996
1989635648056348918
1989635561284645352
1989634673648058386
1989634677209022707
1989632279371710466
1989640332926238862
1989640233726734623
1989632208165077177
1989632072617750916
1989631929709465941
1989631867893755941
1989631518810226769
1989631012566134879
1989630986204975518
1989630904877363405
1989630827257630780
1989630725730222099
1989630473052852349
1989640972477895068
1989640975283822851
1989640722950369370
1989640683754566135
1989640483975696578
1989641526113452072
1989642009704108097
1989642229514965028
1989642496524390898
1989643953000636615
1989644341846184111
1989644556414193822
1989644652765745510
1989644823150957004
1989646082775876089
1989646170109726979
1989647567395983866
1989648320940429409
1989648586460876810
1989648856473375220
1989648949876338963
1989649208287318081
1989649195079536703
1989649059037184313
1989650337091772807
1989651550822961403
1989655026659127724
1989656106164187262
1989656259205980310
1989656199055524248
1989656924963647736
1989656833200627759
1989656747519480178
1989657041301115123
1989657979818578075
1989657578821832881
1989659296112808289
1989659380669976902
1989659587126198340
1989659475892986355
1989659752889233656
1989660083857260926
1989662007159918653
1989661850460717313
1989661790628872556
1989660873980592130
1989662116534784347
1989664671591514606
1989664600070246732
1989664856744636808
1989664848461074821
1989664788306329805
1989664734552232234
1989664901586100513
1989665922156728448
1989665956961124396
1989665959754494333
1989667499571659062
1989667609055564024
1989667861582004263
1989669531036569636
1989669755700359390
1989669922390094154
1989440831288476024
1989528207700250675
1989670681542627595
1989672176270885227
1989674844263420333
1989675144466632885
1989677299118313817
1989677835183861786
1989679969052553549
1989681040529543477
1989681104006049915
1989681472232722566
1989682783044956357
1989682862963249202
1989682861171995121
1989683553526059492
1989683830706278516
1989685214495265044
1989685856618385902
1989685932094812462
1989686474149712011
1989686645126287837
1989687137474896280
1989687847977091213
1989688654655013269
1989688903637364830
1989689139072057800
1989689313181811148
1989690502896030137
1989691064320491797
1989691055973749186
1989691718115950668
1989692361035977083
1989693814240313445
1989695174948393133
1989695127594701137
1989695088163684652
1989695623252054127
1989696388146299322
1989696488826679612
1989697272880210134
1989697437246918780
1989697633053512061
1989697539877343712
1989699650908250546
1989699885587992823
1989701062719131917
1989701012513288399
1989701268625838454
1989701265165885699
1989701621853372504
1989701822353735974
1989701727302664689
1989704296271941650
1989704242882646262
1989704874791977230
1989704842684895602
1989706202306261262
1989706539666460736
1989710080405655965
1989710229190447472
1989710196583649298
1989710198689169695
1989710490356900232
1989711240159953307
1989711236523560965
1989711428371320889
1989711597418549751
1989712098151338006
1989712085954027544
1989712997363978610
1989713241228845319
1989714815875727482
1989705894636949946
1989717225624723688
1989717458593484866
1989717527899840976
1989718004532224469
1989718824246284461
1989698077343846584
1989719603124310153
1989719868028194942
1989720043706364297
1989720325639082212
1989722548037464155
1989722571361628442
1989723159864779154
1989723266140049887
1989723465075896563
1989723791828947351
1989723957227131214
1989724241152057850
1989694882475381069
1989725096764657921
1989725288146641284
1989725290214351139
1989725144835920299
1989725328701325728
1989726633042087990
1989726781356818685
1989726860456943871
1989727011347247485
1989727586214449198
1989727520506220766
1989727645958115744
1989727939131494837
1989730624509546788
1989732336821481945
1989475085049094185
1989733189490020510
1989734629566550217
1989734870344704215
1989736934730768586
1989737264524509540
1989737367671054741
1989738542407586276
1989738595595530466
1989739254029975740
1989739603952312602
1989739785125282147
1989739645362721057
1989740333559615648
1989740428325753199
1989740384134525435
1989740814503952671
1989740588422283517
1989740959220019419
1989741438905581577
1989741637627465919
1989741867223904381
1989741742535356651
1989743755143094760
1989743887653769699
1989743828845432968
1989743789846474956
1989744119959507137
1989743942087360513
1989744179732250906
1989740120250224802
1989744871821730063
1989746026060943523
1989722126979354892
1989747958884307408
1989748600759333175
1989749451628360029
1989750887997476996
1989752120841834525
1989543975930532311
1989753858260897805
1989755124869161081
1989755473411580091
1989755527379743172
1989755881412858336
1989756096408695214
1989756099713724427
1989756226973110406
1989756538223800756
1989756534264664213
1989756869037232385
1989758319456878710
1989758462373319030
1989758484426998093
1989758468669280475
1989758601649688862
1989760443351797827
1989762199431020745
1989762509663080540
1989762490096353618
1989762827159245045
1989752734963437643
1989764983735931188
1989765051293864165
1989765673434993043
1989766716923220460
1989768194664628254
1989768894647570882
1989769222990565841
1989770626815725760
1989770565226246403
1989770567289876700
1989771678432342339
1989772029390709037
1989396143550378345
1989773911760965718
1989447808588681491
1989774568081559645
1989777269309792482
1989502344606765503
1989781146973188323
1989629446538891371
1989782530078179611
1989624878023217462
1989782958086263283
1989783101896044869
1989783956519059608
1989784777277493319
1989785726280413423
1989785660446712006
1989785658777309319
1989786733031145810
1989788483934904615
1989789999760642448
1989791610419167361
1989791501510209839
1989791947192721805
1989018886189248648
1989332502910325164
1989795586510643416
1989795909337776558
1989797113149231467
1989797783130312977
1989800825917690303
1989800992682971227
1989800990585872687
1989801877941162211
1989409214230659246
1989804935027069023
1989805094402232733
1989805275420004701
1989805451819749387
1989805653985239155
1989806113567674751
1989806942358049102
1989807158545055994
1989808698542469455
1989809096665768218
1989811787047244258
1988699142747746586
1989815848807055662
1989815925474750765
1989360084401750318
1989819448421765457
1989822971624788274
1989825004658430397
1989826142912614682
1989826087778750539
1989826989621219461
1989828007448510614
1989830779895972210
1989831025292185987
1989830948779708586
1989832077697511584
1989832035217686956
1989428658986156371
1989838824201949641
1989839692313788675
1989842725840015661
1989843333439512824
1989846049448472679
1989846051495244112
1989846124635549861
1989847110213075151
1989848875381793225
1989849321806889116
1989850044099383626
1989855739494695335
1989858922283577433
1989861224310608252
1989861145511956533
1989861147168715071
1989862233564729494
1989869069328421111
1989870755408998730
1989640369827635573
1989871888198164867
1989732948086853816
1989872121489854828
1989871182863335837
1989872792368513405
1989876252933501332
1989880178471047290
1989880332456509649
1989880536538697752
1989880706554872184
1989880956849983900
1989882397542989837
1989882545253879819
1989882737642324036
1989882922632151291
1989883136302559718
1989883379463196812
1989883264757387449
1989883872541343865
1989884527440007421
1989884852376870952
1989885707071230097
1989885916589297921
1989891233242562982
1989891344957837449
1989891346698572043
1989892778994929939
1989892716264919525
1989892659062968576
1989892351150658007
1989892133093085610
1989891864548479411
1989894518045642985
1989894721205145787
1989895084440232067
1989895262069051559
1989527248152740172
1989895158612299885
1989896391658009081
1989530597476503909
1989897840928461191
1989898072386830347
1989506974275571770
1989898413417333063
1989898396761772518
1989898956407779664
1989899123445977153
1989902122071228707
1989457051643523392
1989906019024343094
1989906442371936438
1989906443949019230
1989908606691758271
1989913855741604054
1989436137866461655
1989914071970218389
1989917762643489130
1989918285333188870
1989419563474128920
1989920866625622501
1989921538854830463
1989922332912009629
1989397165870080076
1989929171532091414
1989932245231309312
1989932424244171038
1989932710765420969
1989932529747697725
1989932829766221992
1989936534858998123
1989936653641670923
1989936655780675618
1989937729761579051
1989939402764898804
1989942067167150491
1989942372466409897
1989942315574788098
1989942234545099135
1989942184016265513
1989942124641759709
1989942738054517108
1989942698825191579
1989942644760592603
1989942601596989622
1989942507170664501
1989942928496804246
1989942827657433508
1989942777648747001
1989943330059554909
1989943293002863063
1989943223511560357
1989943387013931054
1989943635899814221
1989943582892183708
1989943751767388347
1989943947448520753
1989366967115849969
1989944545019363743

1989948476025933859
1989948185469751487
1989948044595662897
1989946540077748233
1989951317314359604
1989951751168856374
1989951753266094202
1989952519322439977
1989952678542414204
1989952613685891265
1989952878577058288
1989952827066912856
1989953296589848702
1989953014380335551
1989953472561840348
1989953615407321574
1989953900024393891
1989955728149262365
1989955993518981302
1989955996035551723
1989957043357454744
1989965024916594937
1989966862935900257
1989966864722657606
1989971044392997193
1989971136357298470
1989971391916253320
1989971334865326513
1989971626210083133
1989971543829762465
1989971450292486194
1989971870435930316
1989971826261508163
1989971787782951377
1989971695432823131
1989972093237358662
1989972014292140375
1989971963209814119
1989972206399652153
1989976694497878137
1989981755693265354
1989981701830008880
1989981945799827944
1989981854058127433
1989981799070695773
1989983031008903565
1989983402058190926
1989983401315852451
1989984028074950978
1989984260711924109
1989984365271785564
1989985856103580089
1989904093243220217
1989989125257396254
1989989243188555992
1989991699389755560
1989992050385928364
1989991985349054586
1989992470055379098
1989992882561020091
1989992849405067768
1989993185779806270
1989993008402694410
1989993350846652690
1989993344785891725
1989993224841433354
1989875105325871148
1989994630218420500
1989995614575509825
1989995897061785921
1989996169502826880
1989996253288276040
1989997055788347410
1989994332896596303
1989999457451339852
1989999838059221167
1989999777573216570
1989999705343066163
1989999578951872580
1990002211817177151
1990003023528300898
1990003212032872676
1990003120781582455
1990006056500736249
1990006369291047213
1990006486664384987
1989764206137385083
1990007403354714344
1990007372321018338
1990008074111979642
1990008560160546869
1990008640733126786
1989690537620689241
1990011071298740734
1990010977686081966
1990011121953390843
1990011400840982696
1990011502234046732
1990012026278773180
1990012152397082794
1990013214793617878
1990013366237360408
1990013453835379111
1990013662128451992
1990013869813850505
1990013829988987039
1990013799949320639
1990014250979672244
1990014216699556311
1990014375034523977
1990014976224821600
1990015550924456094
1990016492185014618
1990016540901842987
1990018501726421120
1990018678583386138
1990018570840047675
1990022781917176025
1990022671103611102
1990023369304178832
1990023902962282554
1990024157975937336
1990024037071003945
1990024512562463084
1989871894330318990
1990000984630997370
1990026195350724820
1990026311474237876
1990026886098157966
1990027074212372502
1990027245457404263
1989984284996739271
1990029379028779033
1990029677982048569
1990029622692724900
1990030018144354733
1990033297842327567
1990033980440346798
1990034063949001165
1990035084586705225
1990036700551434610
1990038487085809806
1990038425253355803
1990038809187365192
1990038956868788532
1990039225904029771
1990039399002751329
1990040941999317002
1990041476911509894
1990041820253024564
1990041673720848769
1990042358574895534
1990042360437199315
1990042587819020523
1990042574003069032
1990042516348113403
1990043135041532128
1990043364755190080
1990046236586754064
1990046779967156721
1990047578139009238
1990047936961827264
1990048078087496190
1990047988199379069
1990048210807890313
1990048413719929321
1990048323554939153
1990048778574090380
1990049042978746837
1990049409623875872
1990050158172573892
1989493093888938261
1990050410925826487
1990050604954304514
1990050956432818400
1990052109732196753
1990052657898422408
1990052882373284017
1990053077106540619
1990027184900370816
1990053210258862181
1990053427758694467
1990053848342565209
1990054066656100386
1990054837967606035
1989718342408581337
1990056818609971630
1990056932888187086
1990057265806950734
1990057517284802796
1990057478751482319
1990057648352539102
1990057570137235641
1990057825687728176
1990058341297709387
1990058448554439106
1990058524152377735
1990058767111905622
1990059023757119510
1990059137292800152
1990059089318322362
1990059092136894801
1990059302242107422
1990059490163519874
1990059470941270060
1990059405065552115
1990059793072153072
1990060672114434529
1990060798627201064
1990060897004597674
1990060855807877631
1990061035416326605
1990061787429863606
1990062400104444168
1990063082307997889
1990062994936508756
1990063316312473937
1990063460407742464
1990063402920915396
1990063651689042294
1990064133006348452
1990064292809601520
1990064983808344539
1990065132114681944
1990065111482908959
1990065416245277075
1990065524600930764
1990065705434169634
1990066145664417882
1990066221627093229
1990066581049663895
1990066556244578653
1990066501680816185
1990067038111375583
1990067506837352682
1990067545462976741
1990068165557006554
1990068507258561000
1990069335918850508
1990055798727397677
1990069742938497056
1990070835856433366
1990071103079743621
1990072169267617817
1990072107623936466
1990072618171486287
1990073155537285629
1990073384022020290
1990073535276908781
1990073640243585057
1990073628180758575
1990073931324092785
1990074474155127023
1990074664853365056
1990074725167431800
1990074910450848102
1990074898102780233
1990075134036570473
1990075103724376475
1990075276810703224
1990075184775078008
1990075464879133113
1990075416795623608
1990075636770386140
1990075542008213909
1990076176950337857
1990076445624832158
1990076723363258849
1990077213534810574
1990077713940406407
1990078094623801712
1990078092472168627
1990078042664796478
1990078277067681837
1990078141512003752
1990079274263449747
1990079735670399179
1990080277851373586
1990080281710109001
1990080517639712781
1990080906535551067
1990082206207824187
1990083241366245444
1990083449756246021
1990084491944108065
1990084925627019440
1990084886519070966
1990085231542432128
1990085840832287086
1990087127216828439
1990086461530472877
1990086250053750814
1990086120227348959
1990088091688742981
1990087716340731993
1990087658324828542
1990087567614652819
1990088411948966088
1990090024855953900
1990089980425928721
1990089882065051938
1990090769579815064
1990090756313497973
1990090526104969629
1990102815960879373
1990102767789060223
1990093756079702251
1990101494243221771
1990099372210589816
1990104176085582060
1990105066611827112
1990105030205243662
1990104982578925685
1990100860760932359
1990100405578322303
1990109017763668445
1990110096341266797
1990108601411575878
1990111232934998024
1990111724029235486
1990112846676435243
1990113524786339979
1990113738050146810
1990113990844809692
1990113901833224365
1990115837202628940
1990116256809091427
1990117180881735722
1990117547073491165
1990117549246132726
1990117618313781652
1990117862032203824
1990117766100115476
1990118017456394712
1990118150810050974
1990117915505430675
1990117914888773816
1990118572241166817
1990119750072942920
1990121780275494961
1990121771169939708
1990122206655820097
1990123006400643089
1990124159368622084
1990124477968244968
1990124719765705199
1990124662257254810
1990119443582595562
1990126343267271037
1990126900455387156
1990053096475770910
1990128692744323094
1990128696272027818
1990131183674396971
1990132054479032804
1990132701555290519
1990132939162579102
1990133014676795825
1990134026141638788
1990134146757165202
1990135133345599683
1990134245788946792
1990138531725836590
1990139000657518729
1990139787718627831
1990140372509462854
1990143780230475882
1990144968216703234
1990147318742446243
1990148114318000176
1990148053135773732
1990148055094481186
1990149627962655058
1990150348426940736
1989469112003957055
1990092800856097048
1990151095356707204
1990155047909675201
1989346977868607854
1990157176917184704
1990096402945384581
1990160209575096321
1990160192449679623
1989812371762876926
1990158360134697058
1990161599471169867
1990163103967764515
1990163213921517914
1990163145365582127
1990164223612109013
1990164293862740076
1990164506614661464
1990164468815528186
1990164615683330195
1990165178290475051
1990165266932924745
1990165779229364602
1990166511940784420
1990166704186703982
1990167298364362836
1990168585789186490
1990168664990265542
1990169126640435598
1990169621803176266
1990169579080106127
1990171271317889041
1990171776211673510
1990171909837963664
1990172964952879610
1990173953198112912
1990174311345279155
1990174389107929382
1990174349891113428
1990175215092142309
1990160285831995655
1990178313369764285
1990178248131477650
1990129002913370333
1990178663166619938
1990179323769241912
1990179320107864477
1990179274188325167
1968672450599665845
1990185464075333822
1990190685530595501
1990193412717645902
1990193346283700368
1990195083053084903
1990195417557106996
1990195576697466953
1990195347440996482
1990172805359636792
1990196912210018656
1990138686323745047
1990191942542745842
1990197196290163167
1990198886980518361
1990200980919689243
1990200961797947516
1990200879874453635
1990202641423675740
1990202620351594731
1990202597894979703
1990203060010836436
1990203002091716713
1990204935636684881
1990205896836980970
1990205876590743621
1990205862309163053
1990205831866995117
1990205831841759432
1990205831720124827
1990205831674052824
1990205831447495119
1990207005210919154
1990206677476422121
1990206562972180723
1990206367278215626
1990207833615265993
1990207789202047244
1990207759057383608
1990207404454060206
1990207368190202085
1990208475150876855
1990208442800226551
1990208327326831096
1990208327322624242
1990208327150641580
1990208620722606476
1990208512417276334
1990208281810465221
1990207904163713158
1990209522065965510
1990209249775947977
1990209160760217668
1990209627527516612
1990210091757498603
1990210269893845350
1990210785411584382
1990211008468783436
1990210954882396293
1990210943154896914
1990211224299298823
1990211434920477015
1990211614667071973
1990211816161742953
1990212254059683941
1990212481495838914
1990213233198940289
1990213180094902326
1990213712628924753
1990213755926696327
1990213887200031088
1990214392496246946
1990214632821432634
1990214727423987881
1990215289934619069
1990215503101731149
1990215978043527514
1990215919113486540
1990216666945618040
1990216828245929996
1990217160141262933
1990217234828984443
1990217531756601716
1990218014965588331
1990097535583584706
1990219139739488297
1990219066578252101
1990219435681210756
1990219675821801902
1990219533626519969
1990219776782893148
1990219935105310965
1990220543833038924
1990220637114364082
1990221025834070248
1990221024236056944
1990221514478956697
1990222895222759870
1990222932300452138
1990223368294174985
1990223093823152520
1990223611681284312
1990223540008685575
1990223938715304419
1990224569769099606
1990224461321376102
1990225286227779951
1990226428273778703
1990226666598342940
1990226802598707544
1990227469161615837
1990227926663762403
1990228228804342083
1990229299753009266
1990229940990788080
1990229915795685508
1990230453010456975
1990230262861705499
1990230242212851833
1990230186034635157
1990230122851713124
1990231196043997197
1990231084181725430
1990230633600500198
1990230615355162832
1990232375046094979
1990232545364185162
1990232690659111286
1990232892476473447
1990233646071152988
1990233878574080443
1990234263007166866
1990234688644853819
1990234645775159308
1990234500266418622
1990234990853136580
1990234695418986680
1990235493041406294
1990236302789521541
1990236240764166548
1990236716280733908
1990237136352919777
1990237434127495584
1990349583780806887
1990349254112764259
1990348460399435872
1990347989077135507
1990346826109563018
1990346737496555521
1990350873374167511
1990351574817005858
1990351872725508557
1990352790263300449
1990352964201152780
1990353613403668874
1990353935786287118
1990354230813843611
1990354507772100934
1990354627351785625
1990354850333569480
1990356539551670563
1990356428196880874
1990357003504652443
1990356858037485806
1990357360322531571
1990357871197135115
1990357848912486886
1990359052057256362
1990359150765957360
1990359662869537048
1990359634662891612
1990359614626660741
1990359575837737090
1990359557558689920
1990359521445970352
1990359467448570286
1990359465640558662
1990359373349310742
1990359255510376809
1990360636279177699
1990360596936892551
1990360516468875477
1990360091313508727
1990359764748935442
1990359711720325294
1990359679026024474
1990361704358961447
1990361108021199298
1990361065230839887
1990361010558193751
1990360937250127992
1990360903825670440
1990360863824601230
1990360859315691694
1990360835521491198
1990294502507196745
1990363725841539088
1990364302830907689
1990309994328146381
1990364504480452915
1990365207366082630
1990365806656430233
1990366584737862103
1990366553611600327
1990366551212728592
1990366501371613621
1990367658253189149
1990367085567099211
1990366940850741680
1990368171715375182
1990367916995334157
1990367840898363735
1990366659933253865
1990368544228597764
1990369748706865513
1990369949768954231
1990370448799076470
1990370415420854494
1990370396835823837
1990370338241458385
1990370305295179948
1990370285179298129
1990370808758153466
1990370520903397874
1990371590178288052
1990371335227249103
1990371216746848425
1990372538623627456
1990372916765343839
1990372883340898658
1990373012571644237
1990372996096401471
1990373599861968916
1990374180475527396
1990374357332304008
1990374553193714018
1990374781183730090
1990374903049269542
1990375617141858461
1990376078511391091
1990376050627620974
1990376021380780389
1990375980792492396
1990375905978384723
1990375806942740669
1990376650278895832
1990376579466473760
1990376249848676616
1990378109561094172
1990378331989320130
1990380118309802290
1990379661701136450
1990379388752232498
1990379338051785160
1990379333417066650
1990379220049232032
1990378946349940879
1990378673489449166
1990380892867760401
1990380814497091878
1990380761799889239
1990381726779257229
1990381630729625820
1990381570868629662
1990383235743027476
1990383205434925440
1990383194072567857
1990383139823468647
1990383124493340903
1990382982205788571
1990383845120819211
1990383666351002109
1990384868048372054
1990385068406182120
1990385380416168285
1990385973327176179
1990386482104918319
1990387157677047987
1990387386182770865
1990387450275897638
1990387436770283623
1990387247787487597
1990387706912772350
1990387067117817949
1990389289851502826
1990389145445818878
1990388836992417866
1990388699448639601
1990388222577291632
1990388165207560584
1990390597102731518
1990390592778478074
1990390517578846671
1990389888076697947
1990389784401809549
1990389765078716484
1990392042501832756
1990391971068756353
1990391957554630901
1990391829850653135
1990391344842396046
1990392797585670574
1990393392736432139
1990393284879937744
1990393732739256801
1990394788303265842
1990394618286915620
1990394386727768070
